log_1.log_gauss_0.0_0.1:2020-05_21 09:19:43 model.py[line:602]INFO :测试集：loss is 0.057233978,tes_acc is 98.14%
log_1.log_gauss_100_10:2020-05_21 09:22:04 model.py[line:602]INFO :测试集：loss is 2.8018594,tes_acc is 17.81%
log_1.log_gauss_10_2:2020-05_21 09:20:20 model.py[line:602]INFO :测试集：loss is 0.6033543,tes_acc is 78.53%
log_1.log_gauss_1_1:2020-05_21 09:22:36 model.py[line:602]INFO :测试集：loss is 0.41202262,tes_acc is 85.70%
log_1.log_gauss_150_10:2020-05_21 09:20:48 model.py[line:602]INFO :测试集：loss is 2.9256668,tes_acc is 12.22%
log_1.log_gauss_25_5:2020-05_21 09:23:11 model.py[line:602]INFO :测试集：loss is 1.3912287,tes_acc is 53.24%
log_1.log_gauss_50_10:2020-05_21 09:21:14 model.py[line:602]INFO :测试集：loss is 2.2646778,tes_acc is 28.71%
log_1.log_gauss_5_1:2020-05_21 09:23:37 model.py[line:602]INFO :测试集：loss is 0.33404458,tes_acc is 88.66%
log_1.log_gauss_75_15:2020-05_21 09:21:41 model.py[line:602]INFO :测试集：loss is 2.6929996,tes_acc is 18.61%
log_1.log_jiaoyan_0.1_100:2020-05_21 09:24:10 model.py[line:602]INFO :测试集：loss is 0.45705795,tes_acc is 84.24%
log_1.log_jiaoyan_0.1_25:2020-05_21 09:26:27 model.py[line:602]INFO :测试集：loss is 0.1588609,tes_acc is 94.72%
log_1.log_jiaoyan_0.1_50:2020-05_21 09:28:08 model.py[line:602]INFO :测试集：loss is 0.28067005,tes_acc is 90.10%
log_1.log_jiaoyan_0.2_50:2020-05_21 09:24:38 model.py[line:602]INFO :测试集：loss is 0.37215865,tes_acc is 86.93%
log_1.log_jiaoyan_0.3_50:2020-05_21 09:26:52 model.py[line:602]INFO :测试集：loss is 0.4849958,tes_acc is 82.36%
log_1.log_jiaoyan_0.4_50:2020-05_21 09:28:34 model.py[line:602]INFO :测试集：loss is 0.6205743,tes_acc is 77.31%
log_1.log_jiaoyan_0.5_100:2020-05_21 09:25:04 model.py[line:602]INFO :测试集：loss is 1.4004471,tes_acc is 49.47%
log_1.log_jiaoyan_0.5_50:2020-05_21 09:27:19 model.py[line:602]INFO :测试集：loss is 0.83168894,tes_acc is 69.53%
log_1.log_jiaoyan_0.6_100:2020-05_21 09:28:58 model.py[line:602]INFO :测试集：loss is 1.8062656,tes_acc is 35.58%
log_1.log_jiaoyan_0.6_50:2020-05_21 09:30:23 model.py[line:602]INFO :测试集：loss is 1.1032499,tes_acc is 60.00%
log_1.log_jiaoyan_0.7_100:2020-05_21 09:27:41 model.py[line:602]INFO :测试集：loss is 2.2963355,tes_acc is 22.20%
log_1.log_jiaoyan_0.7_50:2020-05_21 09:29:57 model.py[line:602]INFO :测试集：loss is 1.4569268,tes_acc is 48.40%
log_1.log_jiaoyan_0.8_100:2020-05_21 09:25:58 model.py[line:602]INFO :测试集：loss is 2.6762064,tes_acc is 14.93%
log_1.log_no_noise:2020-05_19 14:47:29 model.py[line:602]INFO :测试集：loss is 0.054068256,tes_acc is 98.17%
