log_1.log_gauss_0.0_0.1:2020-05_21 08:59:03 model.py[line:632]INFO :测试集：loss is 0.06462757,tes_acc is 97.96%
log_1.log_gauss_100_10:2020-05_21 09:04:33 model.py[line:632]INFO :测试集：loss is 2.240806,tes_acc is 33.52%
log_1.log_gauss_10_2:2020-05_22 10:22:34 model.py[line:632]INFO :测试集：loss is 0.6424898,tes_acc is 80.18%
log_1.log_gauss_1_1:2020-05_21 09:05:12 model.py[line:632]INFO :测试集：loss is 0.1262021,tes_acc is 95.94%
log_1.log_gauss_150_10:2020-05_21 09:01:26 model.py[line:632]INFO :测试集：loss is 3.4037173,tes_acc is 18.84%
log_1.log_gauss_25_5:2020-05_21 09:06:23 model.py[line:632]INFO :测试集：loss is 0.9512709,tes_acc is 67.92%
log_1.log_gauss_50_10:2020-05_21 09:02:33 model.py[line:632]INFO :测试集：loss is 1.207949,tes_acc is 59.89%
log_1.log_gauss_5_1:2020-05_21 09:07:04 model.py[line:632]INFO :测试集：loss is 0.3745716,tes_acc is 88.10%
log_1.log_gauss_75_15:2020-05_21 09:03:22 model.py[line:632]INFO :测试集：loss is 1.9160359,tes_acc is 40.22%
log_1.log_jiaoyan_0.1_100:2020-05_21 09:07:42 model.py[line:632]INFO :测试集：loss is 0.12488605,tes_acc is 96.03%
log_1.log_jiaoyan_0.1_25:2020-05_21 09:10:34 model.py[line:632]INFO :测试集：loss is 0.091851525,tes_acc is 96.96%
log_1.log_jiaoyan_0.1_50:2020-05_21 09:13:05 model.py[line:632]INFO :测试集：loss is 0.09466329,tes_acc is 97.07%
log_1.log_jiaoyan_0.2_50:2020-05_21 09:08:21 model.py[line:632]INFO :测试集：loss is 0.14873701,tes_acc is 95.28%
log_1.log_jiaoyan_0.3_50:2020-05_21 09:11:06 model.py[line:632]INFO :测试集：loss is 0.27021092,tes_acc is 91.14%
log_1.log_jiaoyan_0.4_50:2020-05_21 09:13:40 model.py[line:632]INFO :测试集：loss is 0.31990844,tes_acc is 89.59%
log_1.log_jiaoyan_0.5_100:2020-05_21 09:08:56 model.py[line:632]INFO :测试集：loss is 0.6633035,tes_acc is 77.75%
log_1.log_jiaoyan_0.5_50:2020-05_21 09:11:56 model.py[line:632]INFO :测试集：loss is 0.63888544,tes_acc is 78.51%
log_1.log_jiaoyan_0.6_100:2020-05_21 09:14:14 model.py[line:632]INFO :测试集：loss is 1.0810562,tes_acc is 64.12%
log_1.log_jiaoyan_0.6_50:2020-05_21 09:09:30 model.py[line:632]INFO :测试集：loss is 0.56582236,tes_acc is 81.55%
log_1.log_jiaoyan_0.7_100:2020-05_21 09:12:30 model.py[line:632]INFO :测试集：loss is 1.2284684,tes_acc is 59.09%
log_1.log_jiaoyan_0.7_50:2020-05_22 10:27:26 model.py[line:632]INFO :测试集：loss is 0.87156796,tes_acc is 71.72%
log_1.log_jiaoyan_0.8_100:2020-05_21 09:10:00 model.py[line:632]INFO :测试集：loss is 1.640737,tes_acc is 47.62%
log_1.log_no_noise:2020-05_21 08:57:38 model.py[line:632]INFO :测试集：loss is 0.06552301,tes_acc is 97.83%
